1 349 144 1361
1 431 0 441
2 314 213 532
2 199 425 1475
3 71 186 85
3 316 211 1725
4 5 56 372
4 88 352 1725
5 406 44 611
5 21 25 1944
6 312 443 849
6 389 304 1043
7 22 173 940
7 329 446 506
8 489 28 450
8 109 410 326
9 461 4 950
9 427 104 1542
10 28 117 1251
10 85 352 947
11 434 349 976
11 323 269 506
12 2 355 910
12 274 233 1553
13 421 137 451
13 56 19 44
14 359 256 816
14 349 206 980
15 470 469 992
15 443 480 1114
16 78 10 857
16 362 116 290
17 156 227 1214
17 96 265 1428
18 88 258 784
18 312 38 1882
19 500 416 259
19 457 11 818
20 334 308 1900
20 188 173 1688